 Program starts at DATE=20200606  TIME=114952.307
&INPUT_PARAMETERS
 IRUN=          0,
 MSTEP=          5,
 MSNAP=     100000,
 NDIAG=          1,
 NHYBRID=          0,
 NONLINEAR=  1.00000000    ,
 PARANL=  0.00000000    ,
 MODE00=          1,
 TSTEP=  1.00000000    ,
 MICELL=        100,
 MECELL=        100,
 MPSI=        200,
 MTHETAMAX=        500,
 MZETAMAX=         32,
 NPARTDOM=         10,
 NCYCLE=          0,
 A= 0.358000010    ,
 A0=  3.58000025E-02,
 A1= 0.322200000    ,
 Q0= 0.580999970    ,
 Q1=  1.09200001    ,
 Q2=  1.09200001    ,
 RC= 0.500000000    ,
 RW= 0.400000006    ,
 AION=  1.00000000    ,
 QION=  1.00000000    ,
 AELECTRON=  5.44365786E-04,
 QELECTRON= -1.00000000    ,
 KAPPATI=  6.90000010    ,
 KAPPATE=  6.90000010    ,
 KAPPAN=  2.20000005    ,
 TITE=  1.00000000    ,
 FLOW0=  0.00000000    ,
 FLOW1=  0.00000000    ,
 FLOW2=  0.00000000    ,
 R0=  186.399994    ,
 B0=  19100.0000    ,
 TEMPERATURE=  2500.00000    ,
 EDENSITY0=  4.60000015E+13,
 STDOUT=          0,
 NBOUND=         10,
 UMAX=  4.00000000    ,
 ILOAD=          0,
 TAUII= -1.00000000    ,
 TRACK_PARTICLES=          0,
 NPTRACK=          0,
 RNG_CONTROL=          0,
 NMODE=          5,         10,         15,         20,         25,,
          30,         35,         40,
 MMODE=          7,         14,         21,         28,         35,,
          42,         49,         56,
 /

===================================
  Run without OpenMP threads
===================================

 *******************************************************
   Using npartdom=           8  and ntoroidal=           4
 *******************************************************

recording 94285675462656 
recording 94285675474944 
recording 94285675483136 
recording 94285675491328 
recording 94285675499520 
recording 94285675507712 
&RUN_PARAMETERS
 NUMBERPE=         32,
 MI=   10050100,
 MGRID=     100701,
 MID_THETA=        500,
 MTDIAG=        480,
 DELR= 0.999659479    ,
 DELT=  1.57026148    ,
 ULENGTH=  186.399994    ,
 UTIME=  5.46513768E-09,
 GYRORADIUS=  1.43248774E-03,
 /
recording 140357334560768 
recording 140356622069760 
recording 140356284121088 
 random_seed=          33  1056201472 -1228887302 -1198196894  -970479180  -716862047  -213965956 -1539201080 -1737403578 -1044963027   576420327  -996526583   104503026  -754303403  -755067119  1072216338  1430087452  1528143528   900563562 -1875213570  1070926057  2140980968  -138406164  1352982024  1551435049   180306254 -1099031668   -31956564 -1211442373  2083288740   -99573502  1457899329  -234749071           0
 w_initial =   1.00000005E-03

===================================================================================
=   BAD TERMINATION OF ONE OF YOUR APPLICATION PROCESSES
=   PID 27950 RUNNING AT node-0.storage.fsperfatscale-pg0.wisc.cloudlab.us
=   EXIT CODE: 9
=   CLEANING UP REMAINING PROCESSES
=   YOU CAN IGNORE THE BELOW CLEANUP MESSAGES
===================================================================================
YOUR APPLICATION TERMINATED WITH THE EXIT STRING: Killed (signal 9)
This typically refers to a problem with your application.
Please see the FAQ page for debugging suggestions
Command exited with non-zero status 9
	Command being timed: "mpiexec -n 32 ./gtc"
	User time (seconds): 580.77
	System time (seconds): 284.04
	Percent of CPU this job got: 1108%
	Elapsed (wall clock) time (h:mm:ss or m:ss): 1:18.04
	Average shared text size (kbytes): 0
	Average unshared data size (kbytes): 0
	Average stack size (kbytes): 0
	Average total size (kbytes): 0
	Maximum resident set size (kbytes): 1781892
	Average resident set size (kbytes): 0
	Major (requiring I/O) page faults: 1054
	Minor (reclaiming a frame) page faults: 15405071
	Voluntary context switches: 41220
	Involuntary context switches: 18734
	Swaps: 0
	File system inputs: 40408
	File system outputs: 784
	Socket messages sent: 0
	Socket messages received: 0
	Signals delivered: 0
	Page size (bytes): 4096
	Exit status: 9
