 Program starts at DATE=20200608  TIME=142758.701
&INPUT_PARAMETERS
 IRUN=          0,
 MSTEP=          5,
 MSNAP=     100000,
 NDIAG=          1,
 NHYBRID=          0,
 NONLINEAR=  1.00000000    ,
 PARANL=  0.00000000    ,
 MODE00=          1,
 TSTEP=  1.00000000    ,
 MICELL=        100,
 MECELL=        100,
 MPSI=        200,
 MTHETAMAX=        150,
 MZETAMAX=         32,
 NPARTDOM=         10,
 NCYCLE=          0,
 A= 0.358000010    ,
 A0=  3.58000025E-02,
 A1= 0.322200000    ,
 Q0= 0.580999970    ,
 Q1=  1.09200001    ,
 Q2=  1.09200001    ,
 RC= 0.500000000    ,
 RW= 0.400000006    ,
 AION=  1.00000000    ,
 QION=  1.00000000    ,
 AELECTRON=  5.44365786E-04,
 QELECTRON= -1.00000000    ,
 KAPPATI=  6.90000010    ,
 KAPPATE=  6.90000010    ,
 KAPPAN=  2.20000005    ,
 TITE=  1.00000000    ,
 FLOW0=  0.00000000    ,
 FLOW1=  0.00000000    ,
 FLOW2=  0.00000000    ,
 R0=  186.399994    ,
 B0=  19100.0000    ,
 TEMPERATURE=  2500.00000    ,
 EDENSITY0=  4.60000015E+13,
 STDOUT=          0,
 NBOUND=         10,
 UMAX=  4.00000000    ,
 ILOAD=          0,
 TAUII= -1.00000000    ,
 TRACK_PARTICLES=          0,
 NPTRACK=          0,
 RNG_CONTROL=          0,
 NMODE=          5,         10,         15,         20,         25,,
          30,         35,         40,
 MMODE=          7,         14,         21,         28,         35,,
          42,         49,         56,
 /

===================================
  Run without OpenMP threads
===================================

 *******************************************************
   Using npartdom=           9  and ntoroidal=           4
 *******************************************************

recording 94123396890624 
recording 94123396898816 
recording 94123396911104 
recording 94123396919296 
recording 94123396927488 
recording 94123396935680 
&RUN_PARAMETERS
 NUMBERPE=         36,
 MI=    2680088,
 MGRID=      30351,
 MID_THETA=        150,
 MTDIAG=        128,
 DELR= 0.999659479    ,
 DELT=  5.23420477    ,
 ULENGTH=  186.399994    ,
 UTIME=  5.46513768E-09,
 GYRORADIUS=  1.43248774E-03,
 /
recording 139955479080960 
recording 139955280424960 
recording 139955181756416 
 random_seed=          33   560844874 -1043157701 -1519096277  2055972945  1656038959 -1760440657 -1346855897  -277892752   332412502   649101843  1558985733    89548595 -1724104324  1272707544  1529493899 -1048572607 -1004478152   576194609 -1700059112   308795404 -1038634338  -483507446  1949204008   152548719  -673027254   793394481  1432014521    82392537  1660599044 -1623801157 -1282650338  -632901681           0
 w_initial =   1.00000005E-03
 poisson solver=          31           0   1.00000036       0.00000000           30351     5601780
 etracer =   1.92500465E-06
 kappa_T at radial_bin=           1   2.53836632    
 kappa_T at radial_bin=           2   6.79302549    
 kappa_T at radial_bin=           3   6.90000010    
 kappa_T at radial_bin=           4   6.79302597    
 kappa_T at radial_bin=           5   2.53836823    
           1   0.00000000       0.00000000       0.00000000      -1.97939826E-05   296.875580       0.00000000       0.00000000       0.00000000    
