 Program starts at DATE=20200606  TIME=115232.205
&INPUT_PARAMETERS
 IRUN=          0,
 MSTEP=          5,
 MSNAP=     100000,
 NDIAG=          1,
 NHYBRID=          0,
 NONLINEAR=  1.00000000    ,
 PARANL=  0.00000000    ,
 MODE00=          1,
 TSTEP=  1.00000000    ,
 MICELL=        100,
 MECELL=        100,
 MPSI=        200,
 MTHETAMAX=        500,
 MZETAMAX=         32,
 NPARTDOM=         10,
 NCYCLE=          0,
 A= 0.358000010    ,
 A0=  3.58000025E-02,
 A1= 0.322200000    ,
 Q0= 0.580999970    ,
 Q1=  1.09200001    ,
 Q2=  1.09200001    ,
 RC= 0.500000000    ,
 RW= 0.400000006    ,
 AION=  1.00000000    ,
 QION=  1.00000000    ,
 AELECTRON=  5.44365786E-04,
 QELECTRON= -1.00000000    ,
 KAPPATI=  6.90000010    ,
 KAPPATE=  6.90000010    ,
 KAPPAN=  2.20000005    ,
 TITE=  1.00000000    ,
 FLOW0=  0.00000000    ,
 FLOW1=  0.00000000    ,
 FLOW2=  0.00000000    ,
 R0=  186.399994    ,
 B0=  19100.0000    ,
 TEMPERATURE=  2500.00000    ,
 EDENSITY0=  4.60000015E+13,
 STDOUT=          0,
 NBOUND=         10,
 UMAX=  4.00000000    ,
 ILOAD=          0,
 TAUII= -1.00000000    ,
 TRACK_PARTICLES=          0,
 NPTRACK=          0,
 RNG_CONTROL=          0,
 NMODE=          5,         10,         15,         20,         25,,
          30,         35,         40,
 MMODE=          7,         14,         21,         28,         35,,
          42,         49,         56,
 /

===================================
  Run without OpenMP threads
===================================

 *******************************************************
   Using npartdom=           8  and ntoroidal=           4
 *******************************************************

recording 94571863568384 
recording 94571863580672 
recording 94571863588864 
recording 94571863597056 
recording 94571863605248 
recording 94571863613440 
&RUN_PARAMETERS
 NUMBERPE=         32,
 MI=   10050100,
 MGRID=     100701,
 MID_THETA=        500,
 MTDIAG=        480,
 DELR= 0.999659479    ,
 DELT=  1.57026148    ,
 ULENGTH=  186.399994    ,
 UTIME=  5.46513768E-09,
 GYRORADIUS=  1.43248774E-03,
 /
recording 139974567518208 
recording 139973855027200 
recording 139973517078528 
 random_seed=          33  -698430736  -784982900  1760567546  1383900695  -439232053  -959060599   998998284  -601246076   998479595  -399463685 -1424825032 -1922945451 -1079970892  -564173135 -1597624684 -2119725906  -920820815 -1472357145   -97731060  1074429958 -1388358138  -330192146  1987054557  -132259343  1852025144  -937376272  2109240069   804375021  1417854076  1645872180  2079569329  -884918645           0
 w_initial =   1.00000005E-03

===================================================================================
=   BAD TERMINATION OF ONE OF YOUR APPLICATION PROCESSES
=   PID 28133 RUNNING AT node-0.storage.fsperfatscale-pg0.wisc.cloudlab.us
=   EXIT CODE: 9
=   CLEANING UP REMAINING PROCESSES
=   YOU CAN IGNORE THE BELOW CLEANUP MESSAGES
===================================================================================
YOUR APPLICATION TERMINATED WITH THE EXIT STRING: Killed (signal 9)
This typically refers to a problem with your application.
Please see the FAQ page for debugging suggestions
Command exited with non-zero status 9
	Command being timed: "mpiexec -n 32 ./gtc"
	User time (seconds): 322.88
	System time (seconds): 320.67
	Percent of CPU this job got: 1152%
	Elapsed (wall clock) time (h:mm:ss or m:ss): 0:55.85
	Average shared text size (kbytes): 0
	Average unshared data size (kbytes): 0
	Average stack size (kbytes): 0
	Average total size (kbytes): 0
	Maximum resident set size (kbytes): 1393116
	Average resident set size (kbytes): 0
	Major (requiring I/O) page faults: 4391
	Minor (reclaiming a frame) page faults: 10933765
	Voluntary context switches: 26291
	Involuntary context switches: 17264
	Swaps: 0
	File system inputs: 182128
	File system outputs: 784
	Socket messages sent: 0
	Socket messages received: 0
	Signals delivered: 0
	Page size (bytes): 4096
	Exit status: 9
