 Program starts at DATE=20200608  TIME=150407.733
&INPUT_PARAMETERS
 IRUN=          0,
 MSTEP=          5,
 MSNAP=     100000,
 NDIAG=          1,
 NHYBRID=          0,
 NONLINEAR=  1.00000000    ,
 PARANL=  0.00000000    ,
 MODE00=          1,
 TSTEP=  1.00000000    ,
 MICELL=        100,
 MECELL=        100,
 MPSI=        200,
 MTHETAMAX=        150,
 MZETAMAX=         32,
 NPARTDOM=         10,
 NCYCLE=          0,
 A= 0.358000010    ,
 A0=  3.58000025E-02,
 A1= 0.322200000    ,
 Q0= 0.580999970    ,
 Q1=  1.09200001    ,
 Q2=  1.09200001    ,
 RC= 0.500000000    ,
 RW= 0.400000006    ,
 AION=  1.00000000    ,
 QION=  1.00000000    ,
 AELECTRON=  5.44365786E-04,
 QELECTRON= -1.00000000    ,
 KAPPATI=  6.90000010    ,
 KAPPATE=  6.90000010    ,
 KAPPAN=  2.20000005    ,
 TITE=  1.00000000    ,
 FLOW0=  0.00000000    ,
 FLOW1=  0.00000000    ,
 FLOW2=  0.00000000    ,
 R0=  186.399994    ,
 B0=  19100.0000    ,
 TEMPERATURE=  2500.00000    ,
 EDENSITY0=  4.60000015E+13,
 STDOUT=          0,
 NBOUND=         10,
 UMAX=  4.00000000    ,
 ILOAD=          0,
 TAUII= -1.00000000    ,
 TRACK_PARTICLES=          0,
 NPTRACK=          0,
 RNG_CONTROL=          0,
 NMODE=          5,         10,         15,         20,         25,,
          30,         35,         40,
 MMODE=          7,         14,         21,         28,         35,,
          42,         49,         56,
 /

===================================
  Run without OpenMP threads
===================================

 *******************************************************
   Using npartdom=           9  and ntoroidal=           4
 *******************************************************

recording 94044991389696 
recording 94044991397888 
recording 94044991410176 
recording 94044991418368 
recording 94044991426560 
recording 94044991434752 
&RUN_PARAMETERS
 NUMBERPE=         36,
 MI=    2680088,
 MGRID=      30351,
 MID_THETA=        150,
 MTDIAG=        128,
 DELR= 0.999659479    ,
 DELT=  5.23420477    ,
 ULENGTH=  186.399994    ,
 UTIME=  5.46513768E-09,
 GYRORADIUS=  1.43248774E-03,
 /
recording 140345706172416 
recording 140345507516416 
recording 140345408847872 
 random_seed=          33   699630058 -1720142286  1032409671  -277853678  1922536994  -861099388  1056456558 -1060930733   445661008 -1142131746   759582971  1204710924  1617474644 -2067545297  1430297700 -1300996124  1883741551  1083662965 -1784477339 -1230117605  -672610727   599730862  1317139006    36949905 -1849834444 -1572809961 -1097538354 -1153368607  -728993400   509976005   422064025 -1524671923           0
 w_initial =   1.00000005E-03
 poisson solver=          31           0   1.00000036       0.00000000           30351     5601780
 etracer =   1.92500465E-06
 kappa_T at radial_bin=           1   2.53836632    
 kappa_T at radial_bin=           2   6.79302549    
 kappa_T at radial_bin=           3   6.90000010    
 kappa_T at radial_bin=           4   6.79302597    
 kappa_T at radial_bin=           5   2.53836823    
           1   0.00000000       0.00000000       0.00000000      -4.38970710E-05   296.873383       0.00000000       0.00000000       0.00000000    
           2   6.61629292E-06   5.76403636E-06   4.24858274E-11  -4.32665292E-05   296.873322       3.23910652E-18   1.11644435E-17   7.92860475E-18
[mpiexec@node-0.thiswould.lsm-pg0.wisc.cloudlab.us] Sending Ctrl-C to processes as requested
[mpiexec@node-0.thiswould.lsm-pg0.wisc.cloudlab.us] Press Ctrl-C again to force abort
Ctrl-C caught... cleaning up processes
Ctrl-C caught... cleaning up processes
