 Program starts at DATE=20200606  TIME=102902.017
&INPUT_PARAMETERS
 IRUN=          0,
 MSTEP=          5,
 MSNAP=     100000,
 NDIAG=          1,
 NHYBRID=          0,
 NONLINEAR=  1.00000000    ,
 PARANL=  0.00000000    ,
 MODE00=          1,
 TSTEP=  1.00000000    ,
 MICELL=        100,
 MECELL=        100,
 MPSI=        192,
 MTHETAMAX=        768,
 MZETAMAX=         32,
 NPARTDOM=         10,
 NCYCLE=          0,
 A= 0.358000010    ,
 A0=  3.58000025E-02,
 A1= 0.322200000    ,
 Q0= 0.580999970    ,
 Q1=  1.09200001    ,
 Q2=  1.09200001    ,
 RC= 0.500000000    ,
 RW= 0.400000006    ,
 AION=  1.00000000    ,
 QION=  1.00000000    ,
 AELECTRON=  5.44365786E-04,
 QELECTRON= -1.00000000    ,
 KAPPATI=  6.90000010    ,
 KAPPATE=  6.90000010    ,
 KAPPAN=  2.20000005    ,
 TITE=  1.00000000    ,
 FLOW0=  0.00000000    ,
 FLOW1=  0.00000000    ,
 FLOW2=  0.00000000    ,
 R0=  186.399994    ,
 B0=  19100.0000    ,
 TEMPERATURE=  2500.00000    ,
 EDENSITY0=  4.60000015E+13,
 STDOUT=          0,
 NBOUND=         10,
 UMAX=  4.00000000    ,
 ILOAD=          0,
 TAUII= -1.00000000    ,
 TRACK_PARTICLES=          0,
 NPTRACK=          0,
 RNG_CONTROL=          0,
 NMODE=          5,         10,         15,         20,         25,,
          30,         35,         40,
 MMODE=          7,         14,         21,         28,         35,,
          42,         49,         56,
 /

===================================
  Run without OpenMP threads
===================================

 *******************************************************
   Using npartdom=           8  and ntoroidal=           4
 *******************************************************

recording 94701120344064 
recording 94701120356352 
recording 94701120364544 
recording 94701120372736 
recording 94701120380928 
recording 94701120389120 
&RUN_PARAMETERS
 NUMBERPE=         32,
 MI=   14822500,
 MGRID=     148417,
 MID_THETA=        768,
 MTDIAG=        768,
 DELR=  1.04131198    ,
 DELT=  1.02230561    ,
 ULENGTH=  186.399994    ,
 UTIME=  5.46513768E-09,
 GYRORADIUS=  1.43248774E-03,
 /
recording 140529611628544 
recording 140528562069504 
recording 140528066011136 
 random_seed=          33    31679761 -1039993833   734931025  -879157131  1437191721   375690623  -521110736 -1134092198  1936353297  -411028114  1783841348 -1423013240 -1962478634  1273668935  -108888287  -828717967  1045041706 -1282108393  -178502060   610468054  -981544807 -1175979008   772603937 -1621624765  1469873198 -1727607313   569099167  -262356736   -67794521   292013673 -1675775009  -745491369           0
 w_initial =   1.00000005E-03

===================================================================================
=   BAD TERMINATION OF ONE OF YOUR APPLICATION PROCESSES
=   PID 24419 RUNNING AT node-0.storage.fsperfatscale-pg0.wisc.cloudlab.us
=   EXIT CODE: 9
=   CLEANING UP REMAINING PROCESSES
=   YOU CAN IGNORE THE BELOW CLEANUP MESSAGES
===================================================================================
YOUR APPLICATION TERMINATED WITH THE EXIT STRING: Killed (signal 9)
This typically refers to a problem with your application.
Please see the FAQ page for debugging suggestions
Command exited with non-zero status 9
	Command being timed: "mpiexec -n 32 ./gtc"
	User time (seconds): 292.36
	System time (seconds): 315.47
	Percent of CPU this job got: 1133%
	Elapsed (wall clock) time (h:mm:ss or m:ss): 0:53.62
	Average shared text size (kbytes): 0
	Average unshared data size (kbytes): 0
	Average stack size (kbytes): 0
	Average total size (kbytes): 0
	Maximum resident set size (kbytes): 1107220
	Average resident set size (kbytes): 0
	Major (requiring I/O) page faults: 1531
	Minor (reclaiming a frame) page faults: 8491873
	Voluntary context switches: 35158
	Involuntary context switches: 19583
	Swaps: 0
	File system inputs: 42672
	File system outputs: 1040
	Socket messages sent: 0
	Socket messages received: 0
	Signals delivered: 0
	Page size (bytes): 4096
	Exit status: 9
