 Program starts at DATE=20200606  TIME=123959.027
&INPUT_PARAMETERS
 IRUN=          0,
 MSTEP=          5,
 MSNAP=     100000,
 NDIAG=          1,
 NHYBRID=          0,
 NONLINEAR=  1.00000000    ,
 PARANL=  0.00000000    ,
 MODE00=          1,
 TSTEP=  1.00000000    ,
 MICELL=        100,
 MECELL=        100,
 MPSI=        200,
 MTHETAMAX=        500,
 MZETAMAX=         32,
 NPARTDOM=         10,
 NCYCLE=          0,
 A= 0.358000010    ,
 A0=  3.58000025E-02,
 A1= 0.322200000    ,
 Q0= 0.580999970    ,
 Q1=  1.09200001    ,
 Q2=  1.09200001    ,
 RC= 0.500000000    ,
 RW= 0.400000006    ,
 AION=  1.00000000    ,
 QION=  1.00000000    ,
 AELECTRON=  5.44365786E-04,
 QELECTRON= -1.00000000    ,
 KAPPATI=  6.90000010    ,
 KAPPATE=  6.90000010    ,
 KAPPAN=  2.20000005    ,
 TITE=  1.00000000    ,
 FLOW0=  0.00000000    ,
 FLOW1=  0.00000000    ,
 FLOW2=  0.00000000    ,
 R0=  186.399994    ,
 B0=  19100.0000    ,
 TEMPERATURE=  2500.00000    ,
 EDENSITY0=  4.60000015E+13,
 STDOUT=          0,
 NBOUND=         10,
 UMAX=  4.00000000    ,
 ILOAD=          0,
 TAUII= -1.00000000    ,
 TRACK_PARTICLES=          0,
 NPTRACK=          0,
 RNG_CONTROL=          0,
 NMODE=          5,         10,         15,         20,         25,,
          30,         35,         40,
 MMODE=          7,         14,         21,         28,         35,,
          42,         49,         56,
 /

===================================
  Run without OpenMP threads
===================================

 *******************************************************
   Using npartdom=           8  and ntoroidal=           4
 *******************************************************

recording 94590510284800 
recording 94590510297088 
recording 94590510305280 
recording 94590510313472 
recording 94590510321664 
recording 94590510329856 
&RUN_PARAMETERS
 NUMBERPE=         32,
 MI=   10050100,
 MGRID=     100701,
 MID_THETA=        500,
 MTDIAG=        480,
 DELR= 0.999659479    ,
 DELT=  1.57026148    ,
 ULENGTH=  186.399994    ,
 UTIME=  5.46513768E-09,
 GYRORADIUS=  1.43248774E-03,
 /
recording 140379575828480 
recording 140378863337472 
recording 140378525388800 
 random_seed=          33 -1888553852   417750939   660190556 -1861420195  -584321500 -1825388278  2017035411 -1137009129 -1840198492   559018659  -880783095  1447031404 -1866807371  2037052469 -1114939310   353504582 -2016797010  -791133663  -570488054  1042964292  -392512780 -1751677006 -1134487801  1980565918  1789426430 -1142104488  2006351770 -2052297956  1727999537   258891792  -504916461    18835989           0
 w_initial =   1.00000005E-03
 poisson solver=          48           0   1.00000048       0.00000000          100701    28428585
 etracer =   1.92500465E-06
 kappa_T at radial_bin=           1   2.53836632    
 kappa_T at radial_bin=           2   6.79302549    
 kappa_T at radial_bin=           3   6.90000010    
 kappa_T at radial_bin=           4   6.79302597    
 kappa_T at radial_bin=           5   2.53836823    
           1   0.00000000       0.00000000       0.00000000      -1.96735018E-05   989.542480       0.00000000       0.00000000       0.00000000    
