 Program starts at DATE=20200606  TIME=101657.182
&INPUT_PARAMETERS
 IRUN=          0,
 MSTEP=          5,
 MSNAP=     100000,
 NDIAG=          1,
 NHYBRID=          0,
 NONLINEAR=  1.00000000    ,
 PARANL=  0.00000000    ,
 MODE00=          1,
 TSTEP=  1.00000000    ,
 MICELL=        100,
 MECELL=        100,
 MPSI=        192,
 MTHETAMAX=        768,
 MZETAMAX=         32,
 NPARTDOM=         10,
 NCYCLE=          0,
 A= 0.358000010    ,
 A0=  3.58000025E-02,
 A1= 0.322200000    ,
 Q0= 0.580999970    ,
 Q1=  1.09200001    ,
 Q2=  1.09200001    ,
 RC= 0.500000000    ,
 RW= 0.400000006    ,
 AION=  1.00000000    ,
 QION=  1.00000000    ,
 AELECTRON=  5.44365786E-04,
 QELECTRON= -1.00000000    ,
 KAPPATI=  6.90000010    ,
 KAPPATE=  6.90000010    ,
 KAPPAN=  2.20000005    ,
 TITE=  1.00000000    ,
 FLOW0=  0.00000000    ,
 FLOW1=  0.00000000    ,
 FLOW2=  0.00000000    ,
 R0=  186.399994    ,
 B0=  19100.0000    ,
 TEMPERATURE=  2500.00000    ,
 EDENSITY0=  4.60000015E+13,
 STDOUT=          0,
 NBOUND=         10,
 UMAX=  4.00000000    ,
 ILOAD=          0,
 TAUII= -1.00000000    ,
 TRACK_PARTICLES=          0,
 NPTRACK=          0,
 RNG_CONTROL=          0,
 NMODE=          5,         10,         15,         20,         25,,
          30,         35,         40,
 MMODE=          7,         14,         21,         28,         35,,
          42,         49,         56,
 /

===================================
  Run without OpenMP threads
===================================

 *******************************************************
   Using npartdom=           8  and ntoroidal=           4
 *******************************************************

recording 94882337431552 
recording 94882337443840 
recording 94882337452032 
recording 94882337460224 
recording 94882337468416 
recording 94882337476608 
&RUN_PARAMETERS
 NUMBERPE=         32,
 MI=   14822500,
 MGRID=     148417,
 MID_THETA=        768,
 MTDIAG=        768,
 DELR=  1.04131198    ,
 DELT=  1.02230561    ,
 ULENGTH=  186.399994    ,
 UTIME=  5.46513768E-09,
 GYRORADIUS=  1.43248774E-03,
 /
recording 140027089506304 
recording 140026039947264 
recording 140025543888896 
 random_seed=          33   -66089933   266468794  1092574142  -257700011 -1021564097  1383346279 -1491306164 -1638239929  1888389431   533913257  1146665540   435222096 -1473994199  1409338946 -1556146714 -1079093353 -1457403669   637358236   881817977 -1831713274   484890864   310393481  -879939885  1696937128  -834200831  -239120099   728520883 -1935571286  1345198670 -1237166495 -1490600344  2034520173           0
 w_initial =   1.00000005E-03
 poisson solver=          53           0   1.00000048       0.00000000          148417    46713758
 etracer =   1.92500465E-06
 kappa_T at radial_bin=           1   2.53836632    
 kappa_T at radial_bin=           2   6.79302549    
 kappa_T at radial_bin=           3   6.90000010    
 kappa_T at radial_bin=           4   6.79302597    
 kappa_T at radial_bin=           5   2.53836823    
           1   0.00000000       0.00000000       0.00000000      -3.11886834E-06   1459.50916       0.00000000       0.00000000       0.00000000    
           2   5.32972626E-06   2.00593240E-06   2.73854772E-10  -3.21286643E-06   1459.50879       4.33423616E-18   5.61348256E-18   1.27823258E-18
